55 AA 53 19 35 00 00 01 6A DD 46 58 DC 0E A2 37 37 37 42 31 39 36 32 01 00 00 04 06 D0 
55 AA 53 1D 19 00 00 01 6A DD 46 58 DF A2 37 37 37 42 31 39 36 32 01 13 63 00 01 00 00 04 3B 07 5F 
AA 55 53 35 FF 02 86 
AA 55 53 19 FF 02 6A 3E 
55 AA 53 19 35 00 00 01 6A DD 46 61 54 0E A2 37 37 37 42 31 39 36 32 01 01 00 05 06 53 
55 AA 53 1D 19 00 00 01 6A DD 46 61 57 A2 37 37 37 42 31 39 36 32 01 17 63 00 01 01 00 05 37 06 E2 
AA 55 53 35 FF 02 86 
AA 55 53 19 FF 02 6A 3E 
55 AA 53 19 35 00 00 01 6A DD 46 67 40 0E A2 37 37 37 42 31 39 36 32 01 00 00 06 06 45 
55 AA 53 1D 19 00 00 01 6A DD 46 67 43 A2 37 37 37 42 31 39 36 32 01 17 63 00 01 00 00 06 40 06 DD 
AA 55 53 35 FF 02 86 
AA 55 53 19 FF 02 6A 3E 
55 AA 53 19 35 00 00 01 6A DD 46 68 4D 0E A2 37 37 37 42 31 39 36 32 01 01 00 07 06 55 
55 AA 53 1D 19 00 00 01 6A DD 46 68 4F A2 37 37 37 42 31 39 36 32 01 13 63 00 01 01 00 07 40 06 E8 
AA 55 53 35 FF 02 86 
AA 55 53 19 FF 02 6A 3E 
55 AA 53 19 35 00 00 01 6A DD 46 68 C6 0E A2 37 37 37 42 31 39 36 32 01 00 00 08 06 CE 
55 AA 53 1D 19 00 00 01 6A DD 46 68 C9 A2 37 37 37 42 31 39 36 32 01 14 63 00 01 00 00 08 3E 07 61 
AA 55 53 35 FF 02 86 
AA 55 53 19 FF 02 6A 3E 
55 AA 53 19 35 00 00 01 6A DD 46 69 81 0E A2 37 37 37 42 31 39 36 32 01 01 00 09 06 8C 
55 AA 53 1D 19 00 00 01 6A DD 46 69 84 A2 37 37 37 42 31 39 36 32 01 13 59 00 01 01 00 09 3C 07 12 
AA 55 53 35 FF 02 86 
AA 55 53 19 FF 02 6A 3E 
55 AA 53 19 35 00 00 01 6A DD 46 69 FB 0E A2 37 37 37 42 31 39 36 32 01 00 00 0A 07 06 
55 AA 53 1D 19 00 00 01 6A DD 46 69 FE A2 37 37 37 42 31 39 36 32 01 17 62 00 01 00 00 0A 3C 07 99 
AA 55 53 35 FF 02 86 
AA 55 53 19 FF 02 6A 3E 
55 AA 53 19 35 00 00 01 6A DD 46 6A C7 0E A2 37 37 37 42 31 39 36 32 01 01 00 0B 06 D5 
55 AA 53 1D 19 00 00 01 6A DD 46 6A CA A2 37 37 37 42 31 39 36 32 01 14 60 00 01 01 00 0B 3D 07 64 
AA 55 53 35 FF 02 86 
AA 55 53 19 FF 02 6A 3E 
55 AA 53 19 35 00 00 01 6A DD 46 6B 3F 0E A2 37 37 37 42 31 39 36 32 01 00 00 0C 06 4E 
55 AA 53 1D 19 00 00 01 6A DD 46 6B 42 A2 37 37 37 42 31 39 36 32 01 18 60 00 01 00 00 0C 3C 06 E0 
AA 55 53 35 FF 02 86 
AA 55 53 19 FF 02 6A 3E 
55 AA 53 19 35 00 00 01 6A DD 46 6B DC 0E A2 37 37 37 42 31 39 36 32 01 01 00 0D 06 ED 
55 AA 53 1D 19 00 00 01 6A DD 46 6B DF A2 37 37 37 42 31 39 36 32 01 17 59 00 01 01 00 0D 3C 07 77 
AA 55 53 35 FF 02 86 
AA 55 53 19 FF 02 6A 3E 
55 AA 53 19 35 00 00 01 6A DD 46 6C 51 0E A2 37 37 37 42 31 39 36 32 01 00 00 0E 06 63 
55 AA 53 1D 19 00 00 01 6A DD 46 6C 53 A2 37 37 37 42 31 39 36 32 01 14 5F 00 01 00 00 0E 3B 06 EE 
AA 55 53 35 FF 02 86 
AA 55 53 19 FF 02 6A 3E 
55 AA 53 19 35 00 00 01 6A DD 46 6C FE 0E A2 37 37 37 42 31 39 36 32 01 01 00 0F 07 12 
55 AA 53 1D 19 00 00 01 6A DD 46 6D 01 A2 37 37 37 42 31 39 36 32 01 17 57 00 01 01 00 0F 3B 06 9A 
AA 55 53 35 FF 02 86 
AA 55 53 19 FF 02 6A 3E 
55 AA 53 19 35 00 00 01 6A DD 46 6D 71 0E A2 37 37 37 42 31 39 36 32 01 00 00 10 06 86 
55 AA 53 1D 19 00 00 01 6A DD 46 6D 74 A2 37 37 37 42 31 39 36 32 01 18 60 00 01 00 00 10 3B 07 17 
AA 55 53 35 FF 02 86 
AA 55 53 19 FF 02 6A 3E 
55 AA 53 19 35 00 00 01 6A DD 46 6E 25 0E A2 37 37 37 42 31 39 36 32 01 01 00 11 06 3D 
55 AA 53 1D 19 00 00 01 6A DD 46 6E 28 A2 37 37 37 42 31 39 36 32 01 17 5A 00 01 01 00 11 3B 06 C7 
AA 55 53 35 FF 02 86 
AA 55 53 19 FF 02 6A 3E 
55 AA 53 19 35 00 00 01 6A DD 46 6E 98 0E A2 37 37 37 42 31 39 36 32 01 00 00 12 06 B0 
55 AA 53 1D 19 00 00 01 6A DD 46 6E 9B A2 37 37 37 42 31 39 36 32 01 18 60 00 01 00 00 12 3C 07 42 
AA 55 53 35 FF 02 86 
AA 55 53 19 FF 02 6A 3E 
55 AA 53 19 35 00 00 01 6A DD 46 6F 46 0E A2 37 37 37 42 31 39 36 32 01 01 00 13 06 61 
55 AA 53 1D 19 00 00 01 6A DD 46 6F 49 A2 37 37 37 42 31 39 36 32 01 14 5A 00 01 01 00 13 3B 06 E8 
AA 55 53 35 FF 02 86 
AA 55 53 19 FF 02 6A 3E 
55 AA 53 19 35 00 00 01 6A DD 46 6F CE 0E A2 37 37 37 42 31 39 36 32 01 00 00 14 06 E9 
55 AA 53 1D 19 00 00 01 6A DD 46 6F D1 A2 37 37 37 42 31 39 36 32 01 17 5F 00 01 00 00 14 3C 07 79 
AA 55 53 35 FF 02 86 
AA 55 53 19 FF 02 6A 3E 
55 AA 53 19 35 00 00 01 6A DD 46 70 81 0E A2 37 37 37 42 31 39 36 32 01 01 00 15 06 9F 
55 AA 53 1D 19 00 00 01 6A DD 46 70 84 A2 37 37 37 42 31 39 36 32 01 17 5F 00 01 01 00 15 3C 07 2F 
AA 55 53 35 FF 02 86 
AA 55 53 19 FF 02 6A 3E 
55 AA 53 19 35 00 00 01 6A DD 46 71 09 0E A2 37 37 37 42 31 39 36 32 01 00 00 16 06 28 
55 AA 53 1D 19 00 00 01 6A DD 46 71 0C A2 37 37 37 42 31 39 36 32 01 17 5F 00 01 00 00 16 3C 06 B8 
AA 55 53 35 FF 02 86 
AA 55 53 19 FF 02 6A 3E 
55 AA 53 19 35 00 00 01 6A DD 46 71 B3 0E A2 37 37 37 42 31 39 36 32 01 01 00 17 06 D4 
55 AA 53 1D 19 00 00 01 6A DD 46 71 B6 A2 37 37 37 42 31 39 36 32 01 17 5D 00 01 01 00 17 3E 07 64 
AA 55 53 35 FF 02 86 
AA 55 53 19 FF 02 6A 3E 
55 AA 53 19 35 00 00 01 6A DD 46 72 3D 0E A2 37 37 37 42 31 39 36 32 01 00 00 18 06 5F 
55 AA 53 1D 19 00 00 01 6A DD 46 72 40 A2 37 37 37 42 31 39 36 32 01 14 5F 00 01 00 00 18 41 06 F1 
AA 55 53 35 FF 02 86 
AA 55 53 19 FF 02 6A 3E 
55 AA 53 19 35 00 00 01 6A DD 46 72 E7 0E A2 37 37 37 42 31 39 36 32 01 01 00 19 07 0B 
55 AA 53 1D 19 00 00 01 6A DD 46 72 EA A2 37 37 37 42 31 39 36 32 01 17 5D 00 01 01 00 19 40 07 9D 
AA 55 53 35 FF 02 86 
AA 55 53 19 FF 02 6A 3E 
55 AA 53 19 35 00 00 01 6A DD 46 73 62 0E A2 37 37 37 42 31 39 36 32 01 00 00 1A 06 87 
55 AA 53 1D 19 00 00 01 6A DD 46 73 65 A2 37 37 37 42 31 39 36 32 01 18 5F 00 01 00 00 1A 40 07 1C 
AA 55 53 35 FF 02 86 
AA 55 53 19 FF 02 6A 3E 
55 AA 53 19 35 00 00 01 6A DD 46 74 1C 0E A2 37 37 37 42 31 39 36 32 01 01 00 1B 06 44 
55 AA 53 1D 19 00 00 01 6A DD 46 74 1F A2 37 37 37 42 31 39 36 32 01 14 5A 00 01 01 00 1B 41 06 D1 
AA 55 53 35 FF 02 86 
AA 55 53 19 FF 02 6A 3E 
55 AA 53 19 35 00 00 01 6A DD 46 74 A2 0E A2 37 37 37 42 31 39 36 32 01 00 00 1C 06 CA 
55 AA 53 1D 19 00 00 01 6A DD 46 74 A5 A2 37 37 37 42 31 39 36 32 01 17 5D 00 01 00 00 1C 3E 07 5A 
AA 55 53 35 FF 02 86 
AA 55 53 19 FF 02 6A 